断面编号  起点距(m)  流量(m3/s)  底高程(m)  水位(m)  面积(m2)
      J101   37500.000000     500.000000     106.410004       6.146347     316.524780
      J100   37155.000000     499.999786     106.779999       5.115234     285.079529
       J99   36930.000000     499.997620     106.570000       4.870468     293.318115
       J98   36500.000000     499.996002     104.059998       6.588867     284.529022
       J97   36045.000000     499.995209     103.919998       5.622070     232.669861
       J96   35500.000000     499.993805     103.470001       4.952309     289.868500
       J95   35000.000000     499.997253     102.099998       5.195824     259.924652
       J94   34500.000000     500.000275     101.639999       3.663345     184.200760
       J93   34050.000000     499.998505     100.300003       4.589935     397.820618
       J92   33758.000000     499.997284      99.959999       4.832756     669.617310
       J91   33500.000000     499.998535      99.180000       5.085266     217.598450
       J90   33000.000000     499.997406      99.110001       4.366966     284.790680
       J89   32842.000000     499.995911      97.849998       5.473427     463.746185
       J88   32671.000000     499.995605      97.800003       5.244820     397.171539
       J87   32500.000000     499.995972      97.800003       4.996452     406.071625
       J86   32000.000000     499.994812      96.199997       6.085274     460.717651
       J85   31721.000000     499.992188      96.440002       5.404335     354.482208
       J84   31500.000000     499.992188      95.470001       6.188271     477.949463
       J83   31000.000000     499.989807      94.739998       6.289528     353.133057
       J82   30500.000000     499.986328      93.760002       3.883392     126.576042
       J81   30000.000000     499.986481      93.050003       4.550171     544.300415
       J80   29500.000000     499.979858      92.580002       4.602089     472.005737
       J79   29000.000000     499.978088      91.099998       5.525932     475.241852
       J78   28500.000000     499.975067      90.620003       4.881935     267.890778
       J77   28000.000000     499.973236      89.860001       4.644646     303.766449
       J76   27500.000000     499.971588      89.510002       4.801697     730.697205
       J75   27000.000000     499.965637      89.010002       4.690353     303.830200
       J74   26500.000000     499.965546      88.190002       5.107117     420.662140
       J73   26293.000000     499.966675      88.000000       4.931808     298.323090
       J72   26113.000000     499.965454      88.110001       4.518814     341.804810
       J71   25862.000000     499.966034      87.620003       4.333313     284.558380
       J70   25500.000000     499.964783      86.779999       4.616722     343.249268
       J69   25000.000000     499.962372      86.800003       3.948517     365.585907
       J68   24500.000000     499.959198      86.320000       3.753342     390.441040
       J67   24249.000000     499.959137      85.120003       4.786560     497.983276
       J66   24000.000000     499.958069      84.620003       5.085411     433.169525
       J65   23748.000000     499.958069      85.010002       4.417137     422.512726
       J64   23500.000000     499.956726      84.720001       4.542915     602.364075
       J63   23287.000000     499.955475      84.070000       5.108292     728.514282
       J62   23168.000000     499.956421      83.779999       5.340881     624.273132
       J61   23000.000000     499.957336      83.059998       5.864471     447.871643
       J60   22500.000000     499.957306      83.230003       5.039047     471.250092
       J59   22000.000000     499.954926      83.169998       4.513428     395.333252
       J58   21500.000000     499.953705      82.360001       4.771400     398.236206
       J57   21000.000000     499.952301      81.650002       4.884727     462.040375
       J56   20738.000000     499.950195      81.580002       4.268402     278.228516
       J55   20500.000000     499.950470      81.209999       4.278664     396.566132
       J54   20231.000000     499.949219      80.360001       4.497520     346.424255
       J53   20000.000000     499.947754      80.699997       3.684723     312.563965
       J52   19500.000000     499.946747      80.269997       3.814949     547.435059
       J51   19000.000000     499.943268      79.470001       4.463394     841.608704
       J50   18500.000000     499.937134      77.339996       6.239662     441.414734
       J49   18000.000000     499.937622      76.620003       5.986832     248.978806
       J48   17500.000000     499.936157      77.040001       5.223656     440.656372
       J47   17000.000000     499.932922      76.440002       5.282890     453.691681
       J46   16732.000000     499.931152      76.849998       4.484184     396.206085
       J45   16500.000000     499.929749      76.570000       4.366425     350.730103
       J44   16000.000000     499.928223      76.110001       4.213051     450.538239
       J43   15642.000000     499.926788      74.919998       5.263023     759.800476
       J42   15375.000000     499.922241      74.900002       5.004662     383.434998
       J41   15000.000000     499.924561      74.650002       4.649704     354.642181
       J40   14500.000000     499.921814      74.129997       4.413559     339.129639
       J39   14025.000000     499.920654      72.680000       5.691269     583.098877
       J38   13773.000000     499.915131      73.080002       5.100990     406.653717
       J37   13500.000000     499.915192      72.040001       5.833633     354.316101
       J36   13000.000000     499.912628      72.309998       5.193398     469.595245
       J35   12500.000000     499.912933      72.410004       4.692818     459.071716
       J34   12000.000000     499.910828      72.160004       4.523125     439.082916
       J33   11500.000000     499.907501      70.900002       5.296272     477.929230
       J32   11000.000000     499.906921      70.599998       5.116341     551.113831
       J31   10500.000000     499.900116      70.449997       4.791626     492.561462
       J30   10000.000000     499.898621      70.489998       4.111198     375.065582
       J29    9500.000000     499.899994      70.139999       4.426315    1288.942139
       J28    9142.000000     499.889038      69.389999       5.119514    1172.413330
       J27    9000.000000     499.892731      70.279999       4.146095     562.439148
       J26    8760.000000     499.894318      68.430000       5.876907     651.620972
       J25    8500.000000     499.898071      68.300003       5.868179     627.559509
       J24    7950.000000     499.893402      66.589996       7.299919     684.800415
       J23    7500.000000     499.888550      67.410004       6.239166     795.905212
       J22    7000.000000     499.884125      67.010002       5.766785     420.693848
       J21    6500.000000     499.880676      66.190002       5.885445     441.461426
       J20    6000.000000     499.879974      64.870003       6.820900     387.283752
       J19    5763.000000     499.879242      65.209999       6.235382     306.830841
       J18    5598.000000     499.878601      66.239998       5.032310     389.728241
       J17    5500.000000     499.879211      64.150002       6.904297     365.202820
       J16    5231.000000     499.878998      64.870003       5.922340     405.253784
       J15    5000.000000     499.879150      64.370003       6.151581     319.885101
       J14    4746.000000     499.878448      63.790001       6.559677     361.342896
       J13    4500.000000     499.877930      63.180000       6.991539     374.111511
       J12    4000.000000     499.876770      63.410000       6.196926     393.565369
       J11    3500.000000     499.873383      62.150002       6.487396     274.398315
       J10    3272.000000     499.870880      62.599998       5.902512     422.114929
       J09    2986.000000     499.872559      62.110001       6.120483     385.427856
       J08    2738.000000     499.873810      60.750000       7.188034     310.526337
       J07    2500.000000     499.873047      61.380001       6.265560     283.767761
       J06    2000.000000     499.871063      61.570000       5.336365     281.831512
       J05    1738.000000     499.870422      61.480000       4.886860     250.873825
       J04    1510.000000     499.869629      61.439999       4.277706     225.100281
       J03    1000.000000     499.868652      61.139999       4.473114     604.522644
       J02     499.000000     499.864532      60.570000       4.586273     390.524780
       J01     278.000000     499.862183      60.610001       2.116241     100.000000
